奖品池：
	8一等
	41二等 - 7 = 34

游戏分配：
	敲七：三等*若干
	数字炸弹：8人 一等*4  二等*4()
	抢水瓶：8人  一等*4   二等*4()
	抱团: 24人 分两轮 12人一轮->5人一团->剩10人->4人一团->剩8人->8个二等奖  共两局,共二等奖*16 ，三等*8



布置会场：
    好的那么上半场的报告会已经结束了，辛苦大家了。
    那么接下来就到联谊会的游戏环节啦。
    我们为在场的各位准备了蛋糕，披萨等食品。请大家到后面进行领取。最后面的白色袋子是食品包，每人一份哈。后面的右边的窗户边上是披萨的领取处哈。我们还为center内的每一位成员准备了一份小礼物，也是在后面领取哈。

开始布置会场：
    现在就有请大家起身，到后面领取食品包，center内的成员还可领取一份小礼物。领到后请在空地稍等，我们将会布置一下会场。
会场布置好后大家就可以随意就坐了，大家坐好以后游戏就准备开始了哈。游戏区是靠后的一侧，也就是靠近半圆的那一侧。领导们可以靠前就坐。

开场：
    我是来自ASDC-ALD部门的新人，佟禹聪。非常荣幸可以主持接下来的游戏环节。我们为大家准备了丰富的有及奖品，欢迎大家踊跃参加。那么事不宜迟，接下来就有请王san来介绍第一个游戏。

敲七游戏结束后：
    不知道现在站起来的同事是否准备好接受惩罚了呢？
    那么惩罚就是——我们为站起来的同事两侧挨着的人准备了小纪念品。有请站起来的同事为他们身边的每人发一个小纪念品！没错，惩罚的内容一句话概括就是“两边的人，都有奖；只有你，没有奖”。运气也是我们生活的一部分哈，希望大家都可以有获奖的人这么好的运气，也希望你们的好运气可以一直持续下去。这个受罚的同事也别灰心哈，开个小玩笑。大家掌声鼓励一下。（啪啪啪啪啪）

数字炸弹规则介绍：
    接下来进行我们的第二个游戏“数字炸弹”。
    这个游戏也是十分考验运气的游戏，主持人在1-100之间选择一个数字作为炸弹数字，写在白板上，观众可以看，参与游戏的人不能看啊。
    然后参赛者在1-100之间轮流猜一个数字，主持人会告诉大家这个数字相比炸弹数字是大了还是小了，逐渐缩小范围，直到有人说中这个数字。说中数字的人将被淘汰，其余人进入下一回合。注意啊是说中的人被淘汰，所以要尽可能的缩小范围但还要避开炸弹数字。非常的惊险刺激啊。
    这个游戏呢一共需要八名参与者。共进行四回合。被淘汰的4人会获得参与游戏的小礼品，最后留下来的四个幸运儿呢会则获得一份大奖。


合唱环节：
    王：****。
    佟：感谢者三个月来领导以及前辈们给我们的指导以及爱护。ASDC全体新人也为大家准备了一个小小的节目。
    佟：接下来请大家欣赏合唱《红日》。


抢水瓶：
    （王san介绍完游戏规则，参与游戏者都走到了前面后）
    希望大家在游戏过程中要注意安全哈~

抱团游戏前的尬聊版串词：
    王：佟san，你觉得今晚我们的表现怎么样？
    佟：这是我第一次当主持，感觉还有待改进吧。你感觉呢？
    王：我感觉还不错***也没有人离开。
    佟：可能大家都在等着后面的奖品吧？那么我们马上进行下一个游戏：抱团


抱团游戏规则：
    12个人围成一个圆圈，沿逆时针方向慢走。当我喊出一个数字的时候，大家要立即与临近的小伙伴按我喊的数字的人数报成一团。抱团的人数错误或者没有抱团成功的则淘汰出局。两次抱团后生下来的小伙伴会获得大奖，之前淘汰出局的小伙伴会则是获得一份小奖。所以说这12位参与游戏的小伙伴都会百分百获得奖品哦。
    （抱团数字： 12人->5；10人->4）

结束语：
    王：以上我们今晚的游戏就全部结束啦***。
    佟：非常感谢大家的配合，让我们一起度过了一个愉快的傍晚。
    王：今天的游戏就到这里啦。下面有请张强中心张为我们做最后总结。
    合：谢谢大家。（深鞠躬）

7
14
17
21
27
28
35
37
42
47
49
56
57
63
67
70
77
84
87
91
97
98
105
107
112
117
119
126
127
133
137
140
147
154
157
161
167
168
175
177
182
187
189
196
197
203
207
210
217
224
227
231
237
238
245
247
252
257
259
266
267
273
277
280
287
294
297
301
307
308
315
317
322
327
329
336
337
343
347
350
357
364
367
371
377
378
385
387
392
397
399
406
407
413
417
420
427
434
437
441
447
448
455
457
462
467
469
476
477
483
487
490
497
504
507
511
517
518
525
527
532
537
539
546
547
553
557
560
567
574
577
581
587
588
595
597
602
607
609
616
617
623
627
630
637
644
647
651
657
658
665
667
672
677
679
686
687
693
697
700
707
714
717
721
727
728
735
737
742
747
749
756
757
763
767
770
777
784
787
791
797
798
805
807
812
817
819
826
827
833
837
840
847
854
857
861
867
868
875
877
882
887
889
896
897
903
907
910
917
924
927
931
937
938
945
947
952
957
959
966
967
973
977
980
987
994
997


    

































